sunHeightAngle = 0.198996
sunOrbitAngle = 0.000000
skyColourSelection = 0.000000
hdrExposure = 1.101868
hdrContrast = 0.281974
horizonHaloFalloff = 0.234569
sunHaloFalloff = 0.069198
sunDiscSize = 0.001190
sunDiscFalloff = 1.009000
skyGradientBottom = 0.000000, 0.145990, 0.769999
skyGradientTop = 0.000000, 0.000000, 0.739999
horizonHaloColour = 0.900000, 0.900000, 0.900000
sunHaloColour = 1.609157, 1.972833, 0.967364
sunDiscColour = 0.000000, 0.000000, 5.000000
