sunHeightAngle : -0.218565
sunOrbitAngle : 1.009000
skyColourSelection : 0.000000
hdrExposure : 1.102470
hdrContrast : 0.023513
