sunHeightAngle : 0.199925
sunOrbitAngle : 0.443835
skyColourSelection : 0.866755
hdrExposure : 2.091719
hdrContrast : -0.141326
