sunHeightAngle : -0.092339
sunOrbitAngle : 0.319395
skyColourSelection : 0.795556
hdrExposure : 0.764099
hdrContrast : 0.224771
