sunHeightAngle : 0.070185296
sunOrbitAngle : 0.422466806
skyColourSelection : 0.000000000
hdrExposure : 1.593564584
hdrContrast : -0.078036456
